
8 12
0 0 0
100 0 0
100 100 0
0 100 0
0 0 -100
100 0 -100
100 100 -100
0 100 -100

2 4 1
2 4 3
6 8 7
6 8 5
3 6 7
3 6 2
4 5 8
4 5 1
1 6 2
1 6 5
4 7 8
4 7 3

255 255 0

8 12
0 0 0
100 0 0
100 100 0
0 100 0
0 0 -100
100 0 -100
100 100 -100
0 100 -100

2 4 1
2 4 3
6 8 7
6 8 5
3 6 7
3 6 2 
4 5 8
4 5 1
1 6 2
1 6 5
4 7 8
4 7 3

0 0 255



3 1
0 0 0
100 0 0
100 100 0

1 2 3


4 2
0 0 0
100 0 0
100 100 0
0 100 0

2 4 1
2 4 3

24 36
0 0 0
0 150 0
50 150 0
50 50 0
100 50 0
100 150 0
150 150 0
150 50 0
200 50 0
200 150 0
250 150 0
250 0 0
0 0 50
0 150 50
50 150 50
50 50 50
100 50 50
100 150 50
150 150 50
150 50 50
200 50 50
200 150 50
250 150 50
250 0 50

1 2 
2 3
3 4
4 5
5 6
6 7
7 8
8 9
9 10
10 11
11 12
12 1
13 14 
14 15
15 16
16 17
17 18
18 19
19 20
20 21
21 22
22 23
23 24
24 13
1 13
2 14
3 15
4 16
5 17
6 18
7 19
8 20
9 21
10 22
11 23
12 24
1.3 1.3 1.3